Arsenal:80;78;83;81;80;84;81;79;84;81;79;
Aston Villa:78;74;76;79;67;79;73;75;74;73;80;
Cardiff City:72;75;74;73;70;74;74;74;72;71;73;
Chelsea:84;84;85;81;82;80;83;84;82;88;82;
Crystal Palace:73;80;73;74;73;75;73;73;72;74;71;
Everton:81;82;80;77;78;80;77;80;79;77;81;
Fulham:79;80;79;75;74;82;78;78;78;79;81;
Hull City:74;73;75;74;72;78;79;75;73;80;73;
Liverpool:83;82;81;80;79;83;81;88;78;83;78;
Manchester City:83;82;85;81;83;86;87;85;81;88;83;
Manchester United:82;87;83;82;77;79;86;89;87;81;83;
Newcastle United:79;81;78;77;75;79;82;77;74;79;80;
Norwich City:78;75;74;74;73;75;75;76;76;76;76;
Southampton:75;78;77;76;74;82;80;78;80;78;80;
Stoke City:82;77;76;78;73;77;75;75;75;79;78;
Sunderland:74;75;77;69;70;76;77;76;75;80;78;
Swansea:75;75;79;74;72;78;75;75;75;81;78;
Tottenham Hotspur:85;80;82;78;81;83;81;78;81;80;84;
West Bromwich Albion:78;81;76;72;69;75;78;74;75;76;80;
West Ham United:76;75;78;75;73;79;77;76;75;78;75;
