Arsenal:77;78;83;81;80;84;81;84;86;85;79;
Aston Villa:78;74;73;79;67;79;76;75;74;73;80;
Burnley:72;70;72;67;72;72;70;70;69;71;70;
Chelsea:86;84;85;81;82;85;83;84;82;88;85;
Crystal Palace:76;74;76;74;73;76;75;75;75;74;72;
Everton:82;82;80;77;78;80;80;80;79;80;81;
Hull City:74;73;79;75;72;78;78;75;73;79;73;
Leicester City:76;68;76;72;73;78;71;70;72;71;69
Liverpool:82;78;81;80;76;82;81;79;80;83;80;
Manchester City:83;79;85;79;83;86;87;84;81;88;83;
Manchester United:86;79;80;79;77;79;85;86;86;79;83;
Newcastle United:79;75;75;79;75;79;78;77;74;76;73;
Queens Park Rangers:76;79;76;68;75;79;79;76;76;75;77;
Southampton:75;78;76;76;74;82;80;76;75;77;75;
Stoke City:82;77;76;73;73;77;75;75;75;79;78;
Sunderland:74;75;75;71;70;77;77;76;74;80;78;
Swansea:75;75;79;74;72;78;75;75;75;81;78;
Tottenham Hotspur:85;80;82;78;77;83;81;77;79;80;79;
West Bromwich Albion:78;79;76;72;69;77;77;78;75;76;73;
West Ham United:76;75;74;73;71;79;77;76;75;77;75;
